x = [1.53518710e-05 5.03046001e-07 1.16666568e+01 6.00000770e+00]
y = [ 3.33333236e-01 -1.50436327e-08]