x = [1.21052552e+00 1.57895788e-01 7.10528317e-01 1.05271997e-01
 1.86548592e-06 1.28776032e-05]
y = [-7.21716870e-07 -1.23615490e-05 -4.73679614e-01 -1.05256516e-01]