x = [1.21052608e+00 1.57880472e-01 7.10527857e-01 1.05271513e-01
 1.17799957e-06 1.33980828e-05]
y = [-4.50442564e-07 -5.96350887e-06 -4.73681885e-01 -1.05259954e-01]