x = [2.70570757e-11 4.42315719e-07 1.16666666e+01 5.99999980e+00]
y = [ 3.33333189e-01 -8.38465648e-08]