x = [2.12514850e+00 4.37426523e-01 5.81286184e+00 8.25029113e+00
 2.77562439e-06]
y = [-6.95788318e-07 -1.58929982e-07 -1.00000155e+00]