x = [2.12511749e+00 4.37425861e-01 5.81286783e+00 8.25029510e+00
 1.36405878e-06]
y = [-3.60894305e-08 -1.93310634e-07 -1.00000190e+00]